-5.000000 1.432900E-01
-4.900000 1.401300E-01
-4.800000 1.318100E-01
-4.700000 1.272000E-01
-4.600000 1.191200E-01
-4.500000 1.158700E-01
-4.400001 1.080900E-01
-4.300001 1.016000E-01
-4.200001 9.765000E-02
-4.100001 9.143000E-02
-4.000001 8.641000E-02
-3.900001 8.066000E-02
-3.800001 7.828000E-02
-3.700001 6.937000E-02
-3.600001 6.801000E-02
-3.500001 6.364000E-02
-3.400002 5.853000E-02
-3.300002 5.539000E-02
-3.200002 5.013000E-02
-3.100002 4.832000E-02
-3.000002 4.416000E-02
-2.900002 4.129000E-02
-2.800002 4.122000E-02
-2.700002 3.804000E-02
-2.600002 3.608000E-02
-2.500002 3.145000E-02
-2.400002 2.778000E-02
-2.300003 2.641000E-02
-2.200003 2.474000E-02
-2.100003 2.194000E-02
-2.000003 2.074000E-02
-1.900003 1.955000E-02
-1.800003 1.752000E-02
-1.700003 1.704000E-02
-1.600003 1.461000E-02
-1.500003 1.429000E-02
-1.400003 1.213000E-02
-1.300003 1.118000E-02
-1.200003 1.042000E-02
-1.100003 9.220000E-03
-1.000003 8.430000E-03
-0.900003 7.950000E-03
-0.800003 6.810000E-03
-0.700003 6.240000E-03
-0.600003 5.330000E-03
-0.500003 4.890000E-03
-0.400003 4.680000E-03
-0.300003 4.120000E-03
-0.200003 3.730000E-03
-0.100003 3.080000E-03
-0.000003 3.060000E-03
0.099997 2.420000E-03
0.199997 2.330000E-03
0.299997 2.320000E-03
0.399997 1.980000E-03
0.499997 1.510000E-03
0.599997 1.360000E-03
0.699997 1.480000E-03
0.799998 1.030000E-03
0.899998 1.170000E-03
0.999998 8.700000E-04
1.099998 5.400000E-04
1.199998 5.500000E-04
1.299998 5.400000E-04
1.399998 4.900000E-04
1.499998 6.600000E-04
1.599998 4.600000E-04
1.699998 3.100000E-04
1.799998 3.300000E-04
1.899998 2.400000E-04
1.999998 2.200000E-04
2.099998 1.500000E-04
2.199998 1.600000E-04
2.299998 2.100000E-04
2.399997 5.000000E-05
2.499997 9.000000E-05
2.599997 6.000000E-05
2.699997 5.000000E-05
2.799997 7.000000E-05
2.899997 5.000000E-05
2.999997 4.000000E-05
3.099997 2.000000E-05
3.199997 2.000000E-05
3.299997 2.000000E-05
3.399997 1.000000E-05
3.499996 2.000000E-05
3.599996 0.000000E+00
3.699996 0.000000E+00
3.799996 2.000000E-05
3.899996 0.000000E+00
3.999996 0.000000E+00
4.099996 0.000000E+00
4.199996 0.000000E+00
4.299996 0.000000E+00
4.399996 0.000000E+00
4.499996 0.000000E+00
4.599996 0.000000E+00
4.699996 0.000000E+00
4.799995 0.000000E+00
4.899995 0.000000E+00
4.999995 0.000000E+00
