10000 100 4 7 5
-1.000000 2.387740E-01
-0.900000 2.266620E-01
-0.800000 2.136640E-01
-0.700000 2.018840E-01
-0.600000 1.909020E-01
-0.500000 1.747580E-01
-0.400000 1.635210E-01
-0.300000 1.492210E-01
-0.200000 1.349770E-01
-0.100000 1.213640E-01
0.000000 1.055870E-01
0.100000 9.367200E-02
0.200000 7.935500E-02
0.300000 6.199300E-02
0.400000 5.193900E-02
0.500000 3.914700E-02
0.600000 2.745200E-02
0.700000 1.812900E-02
0.800000 1.076100E-02
0.900000 7.505000E-03
1.000000 2.813000E-03
1.100000 9.920000E-04
1.200000 4.700000E-04
1.300000 1.080000E-04
1.400000 0.000000E+00
1.500000 0.000000E+00
1.600000 0.000000E+00
1.700000 0.000000E+00
1.800000 0.000000E+00
1.900000 0.000000E+00
