1000 100 10 7 5
0.000000 1.028300E-01
0.100000 8.636000E-02
0.200000 7.519000E-02
0.300000 3.516000E-02
0.400000 4.995000E-02
0.500000 4.053000E-02
0.600000 2.693000E-02
0.700000 1.753000E-02
0.800000 1.005000E-02
0.900000 3.910000E-03
1.000000 5.600000E-03
1.100000 2.000000E-05
1.200000 8.800000E-04
1.300000 0.000000E+00
1.400000 0.000000E+00
1.500000 0.000000E+00
1.600000 0.000000E+00
1.700000 0.000000E+00
1.800000 0.000000E+00
1.900000 0.000000E+00
2.000000 0.000000E+00
2.100000 0.000000E+00
2.200000 0.000000E+00
2.300000 0.000000E+00
2.400000 0.000000E+00
2.500000 0.000000E+00
2.600000 0.000000E+00
2.700000 0.000000E+00
2.799999 0.000000E+00
2.899999 0.000000E+00
2.999999 0.000000E+00
