10000 100 1 7 5
-1.000000 2.374830E-01
-0.900000 2.277890E-01
-0.800000 2.147760E-01
-0.700000 2.082650E-01
-0.600000 1.956800E-01
-0.500000 1.870360E-01
-0.400000 1.652270E-01
-0.300000 1.565550E-01
-0.200000 1.438380E-01
-0.100000 1.324050E-01
0.000000 1.191970E-01
0.100000 1.036490E-01
0.200000 9.305600E-02
0.300000 8.351100E-02
0.400000 7.167700E-02
0.500000 6.200400E-02
0.600000 5.265600E-02
0.700000 4.056700E-02
0.800000 3.353200E-02
0.900000 2.784700E-02
1.000000 2.128400E-02
1.100000 1.759500E-02
1.200000 1.318100E-02
1.300000 8.552000E-03
1.400000 6.721000E-03
1.500000 3.451000E-03
1.600000 2.017000E-03
1.700000 1.252000E-03
1.800000 1.119000E-03
1.900000 6.050000E-04
