10000 100 8 7 5
-1.000000 2.367220E-01
-0.900000 2.261950E-01
-0.800000 2.162840E-01
-0.700000 2.017840E-01
-0.600000 1.926450E-01
-0.500000 1.758610E-01
-0.400000 1.645670E-01
-0.300000 1.480890E-01
-0.200000 1.363970E-01
-0.100000 1.240640E-01
0.000000 1.067160E-01
0.100000 9.562000E-02
0.200000 7.508800E-02
0.300000 6.201200E-02
0.400000 5.221000E-02
0.500000 3.845800E-02
0.600000 2.685300E-02
0.700000 1.822900E-02
0.800000 1.086100E-02
0.900000 4.167000E-03
1.000000 1.593000E-03
1.100000 2.950000E-04
1.200000 1.570000E-04
1.300000 6.000000E-06
1.400000 0.000000E+00
1.500000 0.000000E+00
1.600000 2.000000E-06
1.700000 0.000000E+00
1.800000 0.000000E+00
1.900000 0.000000E+00
