10000 100 2 7 5
-1.000000 2.388820E-01
-0.900000 2.263820E-01
-0.800000 2.150600E-01
-0.700000 2.037090E-01
-0.600000 1.903970E-01
-0.500000 1.780990E-01
-0.400000 1.652990E-01
-0.300000 1.463540E-01
-0.200000 1.365330E-01
-0.100000 1.241050E-01
0.000000 1.069780E-01
0.100000 9.043000E-02
0.200000 7.830900E-02
0.300000 6.534000E-02
0.400000 5.394000E-02
0.500000 4.093100E-02
0.600000 3.149900E-02
0.700000 2.494500E-02
0.800000 1.394300E-02
0.900000 1.051500E-02
1.000000 7.392000E-03
1.100000 4.376000E-03
1.200000 1.332000E-03
1.300000 1.218000E-03
1.400000 7.930000E-04
1.500000 4.400000E-04
1.600000 1.500000E-05
1.700000 0.000000E+00
1.800000 0.000000E+00
1.900000 9.200000E-05
